$ 1 0.000125 0.7703437568215379 50 5 43
163 48 336 96 336 0 4 0 0 5 0
R 48 368 16 368 1 2 3 2.5 2.5 0 0.5
L 176 400 176 432 0 1 false 5 0
v 256 16 336 16 0 1 110 5 0 0 0.5
v 256 96 336 96 0 1 148 5 0 0 0.5
v 256 176 336 176 0 1 165 5 0 0 0.5
v 256 256 336 256 0 1 174.6 5 0 0 0.5
159 336 96 400 96 0 1 100000000000
w 224 48 368 48 0
w 368 48 368 32 0
159 336 16 400 16 0 1 100000000000
w 368 112 368 128 0
w 368 128 224 128 0
w 368 208 224 208 0
w 368 192 368 208 0
159 336 176 400 176 0 1 100000000000
159 336 256 400 256 0 1 100000000000
w 368 272 368 288 0
w 368 288 224 288 0
w 256 16 256 96 0
w 256 96 256 176 0
w 256 176 256 256 0
w 256 256 256 320 0
r 448 256 448 320 0 1000
w 448 320 256 320 0
w 400 256 448 256 0
w 400 256 400 176 0
w 400 176 400 96 0
w 400 96 400 16 0
211 448 256 528 256 0 5 8000 1
403 432 96 624 240 0 29_2_0_4098_5_0.1_0_1
w 224 288 176 288 0
w 176 288 176 304 0
w 144 304 144 208 0
w 144 208 224 208 0
w 224 128 112 128 0
w 112 128 112 304 0
w 80 304 80 48 0
w 80 48 224 48 0
