$ 0 0.000125 0.9891409633455756 50 5 43
v 256 16 336 16 0 1 110 5 0 0 0.5
v 256 96 336 96 0 1 146.63 5 0 0 0.5
v 256 176 336 176 0 1 176 5 0 0 0.5
v 256 256 336 256 0 1 220 5 0 0 0.5
w 256 16 256 96 0
w 256 96 256 176 0
w 256 176 256 256 0
w 256 256 256 352 0
r 448 288 448 352 0 1000
w 448 352 256 352 0
211 448 288 528 288 0 5 8000 1
403 448 112 640 256 0 10_2_0_4098_5_0.1_0_1
174 400 16 336 16 1 100000 0.9950000000000001 -- 1'
174 400 96 336 96 1 100000 0.5198 -- 1 1/3'
174 400 176 336 176 1 100000 0.5 -- 1 3/5'
174 400 256 336 256 1 100000 0.5297000000000001 -- 2'
w 416 48 416 128 0
w 368 32 368 48 0
w 368 48 416 48 0
w 368 112 368 128 0
w 368 128 416 128 0
w 368 192 368 208 0
w 368 208 416 208 0
w 416 208 416 288 0
w 416 288 368 288 0
w 368 288 368 272 0
w 416 288 448 288 0
w 416 208 416 128 0
