$ 1 0.000125 0.15814360605671443 56 5 43
v 240 224 320 224 0 2 174.6 5 0 0 0.5
v 320 304 400 304 0 0 40 5 0 0 0.5
O 512 304 512 272 1
403 384 160 560 256 0 2_2_0_4102_5_0.1_0_1
O 672 304 736 304 1
403 592 160 784 256 0 4_2_0_4102_5_0.1_0_1
174 432 432 480 464 1 1000 0.5297000000000001 Resistance
w 608 304 672 304 0
c 672 304 672 400 0 0.000001 0.000010006766675258297
w 528 304 512 304 0
S 464 320 400 320 0 0 false 0 2
w 512 304 464 304 0
w 464 304 464 320 0
g 672 400 672 416 0
g 400 336 400 384 0
g 320 304 320 320 0
211 720 336 784 336 0 5 8000 1
w 720 336 672 304 0
r 528 304 608 304 0 1000
