$ 1 0.000125 0.20306040966347483 50 5 43
w 496 192 496 224 0
211 496 192 496 176 0 5 8000 1
w 496 224 432 224 0
g 496 288 496 304 0
r 496 224 496 288 0 50000
w 288 128 288 176 0
w 288 208 288 240 0
w 384 224 432 224 0
w 384 144 384 176 0
w 272 144 384 144 0
w 272 224 272 144 0
w 272 224 176 224 0
w 272 320 272 224 0
w 384 320 272 320 0
w 384 272 384 320 0
w 384 224 384 240 0
w 384 208 384 224 0
407 288 240 320 240 1
r 288 128 288 80 0 5000
O 496 224 544 224 0
R 176 224 112 224 0 2 100 5 0 0 0.5
g 432 288 432 304 0
c 432 224 432 288 0 2e-7 4.93966204384275
407 288 176 320 176 1
r 64 16 64 64 0 1000
g 64 64 64 80 0
c 64 16 0 16 0 0.00009999999999999999 -9.855092615342844
g 288 272 288 288 0
172 288 80 240 80 0 7 10 10 0 0 0.5 Voltage
403 384 48 544 128 0 19_4_0_4098_10_0.1_0_1
403 -80 96 48 160 0 24_64_0_4099_10_0.0125_0_2_24_3
w 128 16 64 16 0
S 0 16 -80 16 0 1 false 0 2
g -80 32 -80 48 0
