$ 3 0.000125 0.1 64 7 50
a 288 168 384 168 9 5 0 1000000 3.4517038071491317 1.6666666666666665 100000
a 288 264 384 264 9 5 0 1000000 3.333333333333333 3.4517038071491317 100000
r 240 56 240 104 0 5000
r 240 104 240 152 0 5000
w 240 152 240 280 0
r 240 280 240 328 0 5000
w 240 152 288 152 0
w 240 104 272 104 0
w 272 104 272 280 0
w 272 280 288 280 0
w 464 176 464 192 0
w 384 184 384 192 0
w 384 192 464 240 0
w 464 240 464 256 0
w 384 240 384 248 0
w 384 240 464 192 0
R 240 56 240 16 0 0 40 5 0 0 0.5
r 88 56 88 120 0 10000
r 88 120 88 184 0 100
w 88 120 216 120 0
w 216 120 216 352 0
w 88 184 88 248 0
c 88 248 88 352 0 0.000001 3.4517038071491317
g 88 352 88 368 0
r 384 368 464 368 0 10000
w 464 176 496 176 0
w 464 368 496 368 0
153 384 256 464 256 1 2 0 5
153 384 176 464 176 1 2 0 5
w 496 176 496 368 0
w 88 184 288 184 0
w 88 248 288 248 0
t 328 368 296 368 0 1 -3.5561423822961697 9.999999996133773e-10 100
w 216 352 296 352 0
g 296 384 296 408 0
w 328 368 384 368 0
x 120 115 189 118 4 16 discharge
x 129 178 174 181 4 16 trigger
x 120 242 185 245 4 16 threshold
b 514 398 200 40 0
w 240 328 240 384 0
w 240 384 296 384 0
172 88 56 88 16 0 7 14 15 5 0 0.5 Voltage
a 560 320 656 320 9 5 0 1000000 2.7 3.4517038071491317 100000
w 88 248 176 320 0
w 176 320 176 424 0
w 176 424 528 424 0
w 528 424 528 304 0
w 528 304 560 304 0
r 656 320 656 392 0 1000
g 656 392 656 400 0
R 560 336 560 384 0 0 40 2.7 0 0 0.5
211 656 320 656 272 0 5 8000 1
o 22 1 0 4106 5 0.05 0 2 22 3
o 49 16 0 4098 10 0.0125 1 2 49 3
