$ 1 0.000125 382.76258214399064 50 5 43
w 560 192 560 224 0
211 560 192 560 176 0 5 8000 1
w 560 224 496 224 0
g 560 288 560 304 0
r 560 224 560 288 0 10000
w 352 128 352 176 0
w 352 208 352 240 0
w 448 224 496 224 0
w 448 144 448 176 0
w 336 144 448 144 0
w 336 224 336 144 0
w 336 224 240 224 0
w 448 208 448 224 0
r 352 128 352 80 0 10000
O 560 224 608 224 0
g 496 288 496 304 0
c 496 224 496 288 0 1.0000000000000001e-7 4.277279074753493e-9
407 352 176 384 176 1
r 288 80 288 128 0 1000
g 288 128 288 144 0
c 288 80 224 80 0 0.000049999999999999996 -3.3844104344523958
g 352 240 352 256 0
403 448 48 608 128 0 14_4_0_4098_0.3125_0.1_0_1
403 304 -16 432 48 0 18_64_0_4099_10_0.0125_0_2_18_3
w 352 80 288 80 0
r -96 0 -16 0 0 1000
r -96 48 -16 48 0 1500
r -96 96 -16 96 0 1740
159 -16 0 48 0 0 20 10000000000
159 -16 48 48 48 0 20 10000000000
159 -16 96 48 96 0 20 10000000000
163 -240 208 -160 208 0 6 0 0 0 5 0 0
w 16 16 -208 16 0
w -208 16 -208 176 0
w -96 96 -96 48 0
w -96 48 -96 0 0
R -96 0 -96 -48 0 0 40 5 0 0 0.5
a 144 80 224 80 9 10 0 1000000 0.5 7.499997815000643e-7 100000
w 48 0 48 48 0
w 48 48 48 96 0
r 48 128 48 192 0 1000
g 48 192 48 208 0
w 48 96 48 128 0
w 48 128 80 128 0
R 144 96 112 96 0 0 40 0.5 0 0 0.5
w -80 176 -80 128 0
w -80 128 16 128 0
w 16 128 16 112 0
w -144 176 -144 64 0
w -144 64 16 64 0
R -240 240 -256 240 1 2 12 2.5 2.5 0 0.5
L -48 272 -48 288 0 1 false 5 0
w 144 64 80 64 0
w 80 64 80 128 0
158 128 288 192 288 0
c 240 288 240 320 0 0.000002 -4.267779280002984
w 240 320 224 320 0
w 240 288 224 288 0
w 128 288 80 288 0
w 80 288 80 128 0
w 128 384 112 384 0
w 112 384 112 224 0
w 112 224 240 224 0
r 224 384 272 384 0 1000
r 224 352 272 352 0 1000
w 272 352 272 384 0
g 272 384 272 400 0
o 11 2 0 4106 10 0.0015625 0 2 11 3
