$ 1 0.000125 0.7703437568215379 50 5 43
v 256 16 336 16 0 1 110 5 0 0 0.5
v 256 96 336 96 0 1 148 5 0 0 0.5
v 256 176 336 176 0 1 165 5 0 0 0.5
v 256 256 336 256 0 1 174.6 5 0 0 0.5
w 256 16 256 96 0
w 256 96 256 176 0
w 256 176 256 256 0
w 256 256 256 320 0
r 448 256 448 320 0 1000
w 448 320 256 320 0
w 400 256 448 256 2
w 400 256 400 176 0
w 400 176 400 96 0
w 400 96 400 16 0
211 448 256 528 256 0 5 8000 1
403 432 96 624 240 0 14_2_0_4098_0.0000762939453125_0.1_0_1
s 336 16 400 16 0 1 true
s 336 96 400 96 0 1 true
s 336 176 400 176 0 1 true
s 336 256 400 256 0 1 true
